-912.86 16.95 0
-912.71 24.13 0
-911.5 31.27 0
-909.23 38.35 0
-907.91 45.45 0
-907.54 52.59 0
-906.11 59.66 0
-904.62 66.71 0
-904.08 73.82 0
-901.48 80.75 0
-899.83 87.74 0
-781.76 82.58 0
-761.22 86.5 0
-755.56 91.88 0
-752.84 97.57 0
-751.07 103.35 0
-745.29 108.54 0
-744.42 114.4 0
-742.52 120.09 0
-740.58 125.76 0
-736.62 131.06 0
-735.58 136.85 0
-732.52 142.25 0
-730.41 147.81 0
-727.28 153.15 0
-724.11 158.44 0
-721.87 163.91 0
-720.57 169.58 0
-718.25 175.01 0
-715.89 180.41 0
-713.49 185.78 0
-709.12 190.61 0
-705.68 195.65 0
-705.09 201.47 0
-702.54 206.73 0
-699.94 211.96 0
-697.31 217.16 0
-693.68 222.03 0
-691.93 227.48 0
-690.13 232.92 0
-687.34 238.01 0
-685.45 243.41 0
-683.53 248.8 0
-680.62 253.82 0
-676.75 258.45 0
-674.71 263.77 0
-672.62 269.07 0
-670.49 274.35 0
-666.48 278.85 0
-664.28 284.08 0
-662.03 289.3 0
-658.84 294.09 0
-656.51 299.26 0
-654.15 304.42 0
-650.84 309.13 0
-648.4 314.24 0
-645.92 319.33 0
-643.4 324.4 0
-640.84 329.45 0
-637.36 334.02 0
-634.72 339.02 0
-632.05 344 0
-629.33 348.96 0
-626.58 353.9 0
-623.79 358.82 0
-621.83 364.22 0
-618.95 369.1 0
-616.04 373.96 0
-613.1 378.79 0
-610.96 384.14 0
-607.93 388.93 0
-604.86 393.7 0
-602.6 399 0
-600.28 404.28 0
-597.1 408.99 0
-595.52 414.82 0
-592.25 419.49 0
-590.57 425.3 0
-586.41 429.35 0
-585.44 435.73 0
-594.78 449.95 0
-599.97 461.31 0
-590.02 461.1 0
-566.79 450.22 0
-560.12 452.15 0
-561.21 460.34 0
-549.89 458.36 0
-549.34 465.25 0
-545.68 469.56 0
-544.24 475.81 0
-539.75 479.41 0
-537.46 484.98 0
-534.38 489.87 0
-531.99 495.42 0
-531 502.33 0
-527.77 507.19 0
-523.78 511.32 0
-522.6 518.24 0
-522.05 525.88 0
-520.71 532.83 0
-519.3 539.79 0
-515.05 543.86 0
-509.41 546.43 0
-507.14 552.63 0
-507.49 561.79 0
-507.73 570.99 0
-500.6 571.96 0
-504.6 585.72 0
-500.64 590.43 0
-495.36 593.59 0
-493.23 600.55 0
-490.4 606.75 0
-486.87 612.15 0
-482.06 615.96 0
-477.21 619.74 0
-477.18 629.84 0
-470.43 631.18 0
-470.21 641.3 0
-468.1 649.03 0
-465.31 655.96 0
-462.45 662.87 0
-457.8 667.32 0
-454.49 685.26 0
-452.38 693.84 0
-447.47 698.22 0
-446.79 709.33 0
-441.74 713.67 0
-438.21 720.54 0
-437.17 731.69 0
-430.15 746.27 0
-428.73 757.46 0
-423.75 762.56 0
-420.16 770.26 0
-416.47 777.95 0
-409.27 794.18 0
-406.19 803.62 0
-404.42 849.08 0
-401.14 859.48 0
-395.22 864.43 0
-564.69 1259.73 0
-560.03 1276.03 0
-553.95 1289.58 0
-548.47 1304.96 0
-544.69 1324.95 0
-539.14 1341.25 0
-532.99 1356.62 0
-527 1372.9 0
-522.54 1393.86 0
-517.44 1413.89 0
-511.05 1431.09 0
-504.75 1449.23 0
-498.83 1469.25 0
-493.27 1491.17 0
-486.47 1510.23 0
-479.7 1530.23 0
-472.93 1551.17 0
-467.01 1575.93 0
-459.62 1596.85 0
-452.74 1620.64 0
-445.77 1645.39 0
-438.19 1669.15 0
-429.77 1690.96 0
-421.51 1714.68 0
-414.52 1745.19 0
-406.42 1772.76 0
-397.03 1796.41 0
-388.14 1823.93 0
-379.64 1855.34 0
-360.12 1912.18 0
-350.08 1942.51 0
-339.93 1974.77 0
-330.1 2011.92 0
-318.94 2044.1 0
-307.59 2078.2 0
-296.69 2119.18 0
-285.43 2162.1 0
-272.9 2200.01 0
-260.14 2240.83 0
-247.4 2287.55 0
-234.24 2337.19 0
-219.67 2379.79 0
-204.96 2428.28 0
-189.95 2482.66 0
-174.18 2537.96 0
-156.99 2584.17 0
-139.52 2638.26 0
-121.75 2704.21 0
-103.22 2777.04 0
-83.19 2837.75 0
-62.33 2903.31 0
-40.66 2984.71 0
-17.73 3066.94 0
5.44 2545 0
26.18 2623.88 0
48.37 2714.59 0
72.89 2841.09 0
98.34 2935.39 0
125.28 3029.45 0
155.37 3157.23 0
171.48 3003.16 0
229.7 3537.61 0
259.14 3558.65 0
353.81 3665.05 0
241.08 2304.52 0
260.72 2316.48 0
466.82 3637.28 0
495.23 3632.52 0
279.7 1935.02 0
293.82 1925.85 0
308.14 1918.56 0
315.23 1868.75 0
328.67 1859.33 0
345.62 1869.49 0
366.71 1900.11 0
388.5 1931.49 0
411.63 1966.57 0
435.54 2002.37 0
459.38 2034.99 0
484.44 2070.28 0
511.73 2112.1 0
539.22 2151.68 0
565.86 2185.14 0
594.34 2223.15 0
626.92 2273.37 0
661.13 2326.11 0
693.69 2369.8 0
727.83 2415.99 0
768.07 2478.99 0
962.76 3023.68 0
986.47 3016.04 0
1017.43 3030.01 0
1029.14 2986.95 0
1055.23 2986.32 0
1080.68 2983.59 0
1115.55 3005.96 0
1134.15 2984.03 0
1182.55 3039.35 0
1149.8 2887.81 0
1164.9 2860.18 0
1190.01 2857.41 0
1216.71 2858.11 0
1262.66 2841.4 0
1287.41 2836.87 0
1312.16 2832.12 0
1336.07 2825.35 0
1360.38 2819.28 0
1385.12 2813.9 0
1409.86 2808.31 0
1434.6 2802.5 0
1458.87 2795.59 0
1483.59 2789.35 0
1508.78 2783.77 0
1533.49 2777.1 0
1558.68 2771.08 0
1582.87 2763.1 0
1608.54 2757.5 0
1642.91 2766.28 0
1651.64 2731.91 0
1678.8 2728.23 0
1707.07 2725.99 0
1731.1 2716.72 0
1756.73 2709.76 0
1784.01 2705.07 0
1811.32 2700.12 0
1838.1 2694.08 0
1864.32 2686.96 0
1891.7 2681.23 0
1920.27 2676.87 0
1947.12 2669.79 0
1973.97 2662.46 0
2002.04 2656.46 0
2031.34 2651.78 0
2061.93 2648.38 0
2085.14 2635.25 0
2125.81 2643.74 0
2140.18 2619.22 0
2167.7 2610.8 0
2199.74 2607.46 0
2226.65 2597.71 0
2257.48 2592.21 0
2285.71 2583.4 0
2315.28 2575.79 0
2345.55 2568.61 0
2376.52 2561.85 0
2406.17 2553.3 0
2435.13 2543.72 0
2466.87 2536.71 0
2499.36 2530.07 0
2531.9 2523.08 0
2560.91 2512.23 0
2593.5 2504.55 0
2642.07 2511.67 0
2666.82 2495.63 0
2698.1 2485.46 0
2732.35 2477.63 0
2766.63 2469.42 0
2800.21 2460.17 0
2833.05 2449.88 0
2869.71 2442.47 0
2904.13 2432.7 0
2977.16 2454.35 0
3022.74 2452.32 0
3059.87 2442.86 0
2559.15 2010.45 0
2589.88 2001.92 0
2619.05 1991.81 0
2653.02 1984.97 0
2687.05 1977.71 0
2717.88 1967.69 0
2749.53 1957.89 0
2784.48 1950.01 0
3266.7 2249.65 0
3251.96 2202.07 0
3292.46 2191.98 0
3292.83 2155.11 0
3326.47 2140.01 0
3365.14 2127.72 0
3521.9 2188.31 0
2565.07 1566.11 0
3386.01 2030.9 0
3402.71 2004.76 0
3418.34 1977.98 0
3413.77 1939.72 0
3506.62 1956.21 0
3710.45 2031.86 0
3720.12 1999.36 0
3741.01 1972.88 0
3714.63 1921.86 0
3753.3 1867.74 0
3763.35 1836.02 0
4393.86 2100.99 0
2306.84 1037.29 0
2335.96 1028.41 0
2362.33 1017.95 0
2392.36 1008.69 0
2425.16 1000.17 0
2460.76 992.31 0
2489.87 981.39 0
2519.89 970.43 0
2556.44 961.53 0
5148.41 1889.78 0
5218.63 1869.18 0
5369.45 1828.57 0
5455.77 1810.28 0
5454.59 1762.46 0
5430.09 1707.58 0
5428.99 1660.5 0
5401.59 1605.86 0
5396.74 1558.4 0
5342.37 1452.22 0
5314.92 1400.04 0
5288.92 1348.87 0
5269.24 1299.88 0
5245.23 1250.35 0
5219.8 1201.06 0
5202.7 1154.19 0
5182.26 1107.04 0
5165.32 1061.08 0
5106.66 965.72 0
7570.24 1369.74 0
7553.17 1305.48 0
5217.76 859.95 0
5226.32 819.26 0
5215.77 775.7 0
5203.87 732.22 0
5192.6 689.1 0
5183.95 646.57 0
5173.96 604.11 0
5162.63 561.73 0
5151.95 519.67 0
5142.92 478 0
5134.55 436.59 0
5122.86 395.11 0
5112.83 353.97 0
5105.46 313.2 0
5096.77 272.52 0
5086.76 231.94 0
5073.43 191.43 0
5064.77 151.29 0
5055.8 111.3 0
5045.51 71.44 0
5033.91 31.74 0
5026.99 -7.77 0
5017.77 -47.16 0
5007.24 -86.39 0
4997.4 -125.47 0
4988.26 -164.44 0
4978.81 -203.28 0
4970.06 -242.03 0
4959.01 -280.54 0
4950.66 -319.08 0
4942.01 -357.51 0
4933.06 -395.82 0
4923.82 -434.02 0
4915.27 -472.19 0
4906.43 -510.25 0
4897.29 -548.21 0
4887.87 -586.05 0
4879.14 -623.9 0
4869.12 -661.52 0
4859.81 -699.17 0
4851.2 -736.85 0
4843.28 -774.61 0
4833.09 -811.95 0
4825.57 -849.7 0
4815.79 -887.02 0
4806.71 -924.43 0
4797.33 -961.75 0
4788.64 -999.19 0
4779.66 -1036.55 0
4771.36 -1074.05 0
4761.8 -1111.25 0
4751.95 -1148.38 0
4742.77 -1185.65 0
4733.31 -1222.86 0
4723.55 -1259.99 0
4713.5 -1297.04 0
4705.08 -1334.56 0
4696.37 -1372.02 0
4687.35 -1409.43 0
4677.09 -1446.49 0
4668.43 -1484.08 0
4660.43 -1521.94 0
4652.12 -1559.76 0
4645.39 -1598.19 0
4637.4 -1636.28 0
4629.1 -1674.35 0
4618.61 -1711.69 0
4610.63 -1750.03 0
4602.32 -1788.36 0
4592.77 -1826.29 0
4581.99 -1863.8 0
4572.74 -1902.03 0
4563.17 -1940.23 0
4552.37 -1977.99 0
4542.17 -2016.11 0
4532.56 -2054.61 0
4524.44 -2093.92 0
4512.37 -2131.51 0
4501.79 -2169.92 0
4492.68 -2209.18 0
4484.12 -2248.87 0
4473.43 -2287.66 0
4464.18 -2327.34 0
4453.7 -2366.55 0
4444.64 -2406.68 0
4433.48 -2445.86 0
4421.97 -2485.01 0
4413.59 -2526.11 0
4403.1 -2566.23 0
4200.52 -2492.49 0
4169.68 -2518.67 0
4109.73 -2526.71 0
4063.48 -2542.45 0
4140.37 -2636.07 0
4205.12 -2723.97 0
4087.58 -2693.6 0
3963.31 -2656.54 0
3867.14 -2636.3 0
3770.72 -2614.15 0
3669.16 -2586.6 0
3569.09 -2558.22 0
3088.33 -2250.32 0
3018.34 -2235.79 0
3002.27 -2260.62 0
2883.59 -2206.9 0
2856.7 -2222.1 0
2839.93 -2245.08 0
2831.56 -2274.82 0
2832.95 -2312.8 0
2911.64 -2415.46 0
2855.12 -2406.65 0
2789.04 -2388.64 0
2724.19 -2370.41 0
2668.78 -2359.25 0
2614.46 -2348.05 0
2554.58 -2330.74 0
2498.06 -2315.36 0
2082.43 -1960.44 0
2059.74 -1969.81 0
2109.43 -2049.36 0
2104.65 -2077.1 0
2084.73 -2090.02 0
2052.14 -2089.9 0
2015.51 -2085.09 0
1990.11 -2091.42 0
1968.15 -2101.14 0
1944.8 -2109.17 0
1931.39 -2161.82 0
1893.88 -2153.63 0
1856.63 -2144.98 0
1817.68 -2133.59 0
1777.74 -2120.2 0
1745.13 -2114.79 0
1713.34 -2109.79 0
1678.61 -2100.51 0
1644.76 -2091.6 0
1612.99 -2084.66 0
1582.03 -2078.16 0
1550.07 -2069.69 0
1518.35 -2060.85 0
1489.21 -2054.89 0
1462 -2051.03 0
1432.65 -2043.6 0
1403.5 -2035.84 0
1375.69 -2029.4 0
1349.17 -2024.32 0
1321.17 -2016.44 0
1293.93 -2009.08 0
1269.55 -2005.65 0
1245.84 -2002.81 0
1219.64 -1995.45 0
1194.67 -1989.53 0
1171.89 -1986.78 0
1148.23 -1982.06 0
1123.73 -1975.36 0
1099.89 -1969.27 0
928.31 -1692.77 0
909.77 -1690.31 0
893.66 -1692.09 0
879.88 -1698.16 0
865.15 -1702.33 0
849.52 -1704.59 0
831.71 -1702.21 0
810.55 -1692.45 0
789.59 -1682.45 0
770.5 -1675.87 0
755.67 -1678.21 0
743.26 -1685.92 0
734.74 -1702.72 0
705.8 -1671.57 0
721.22 -1746.39 0
711.96 -1763.12 0
700.65 -1775.17 0
688.48 -1785.27 0
677.59 -1799.04 0
677.56 -1842.79 0
666.09 -1856.52 0
648.51 -1853.19 0
639.09 -1873.37 0
621.83 -1870.73 0
610.49 -1886.01 0
410.03 -1300.23 0
396.87 -1293.84 0
380.14 -1274.86 0
370.11 -1277.8 0
356.81 -1269.1 0
347.61 -1274.75 0
337.33 -1276.47 0
323.83 -1265.5 0
312.2 -1261.2 0
304.13 -1271.39 0
294.12 -1273.73 0
283.02 -1271.11 0
271.56 -1266.44 0
259.79 -1259.71 0
248.52 -1254.84 0
238.1 -1253.8 0
228.41 -1256.6 0
218.19 -1256.38 0
207.49 -1253.11 0
197.48 -1253.71 0
187.18 -1252.25 0
177.05 -1251.69 0
166.16 -1245.1 0
155.25 -1237.43 0
145.87 -1241.58 0
136.32 -1244.67 0
126.94 -1249.68 0
117.2 -1251.62 0
107.61 -1255.48 0
97.51 -1253.29 0
87.87 -1257 0
78.17 -1260.64 0
68.31 -1262.21 0
58.34 -1261.7 0
48.19 -1256.11 0
38.29 -1255.45 0
28.47 -1257.7 0
18.62 -1260.88 0
8.71 -1260.98 0
-1.2 -1262 0
-11.17 -1266.94 0
-21.27 -1274.81 0
-31.44 -1280.59 0
-41.64 -1284.29 0
-51.73 -1283.92 0
-62.06 -1288.46 0
-72.53 -1293.91 0
-82.96 -1297.29 0
-94.09 -1309.55 0
-105.5 -1322.72 0
-148.11 -1686.42 0
-161.27 -1684.21 0
-174.29 -1680.89 0
-187.49 -1679.46 0
-200.57 -1676.94 0
-213.61 -1674.31 0
-226.63 -1671.58 0
-239.61 -1668.75 0
-252.57 -1665.82 0
-265.5 -1662.79 0
-278.39 -1659.66 0
-291.08 -1655.45 0
-303.71 -1651.13 0
-316.68 -1648.69 0
-328.64 -1641.24 0
-340.71 -1634.69 0
-353.55 -1631.95 0
-366.36 -1629.12 0
-379.38 -1627.16 0
-380.4 -1575.52 0
-404.67 -1620.01 0
-417.64 -1617.74 0
-430.85 -1616.34 0
-443.28 -1611.93 0
-455.93 -1608.39 0
-468.56 -1604.75 0
-481.15 -1601.02 0
-493.72 -1597.18 0
-506.26 -1593.25 0
-518.76 -1589.21 0
-531.24 -1585.08 0
-486.7 -1415.39 0
-489.15 -1387 0
-496.63 -1373.7 0
-504.29 -1361.31 0
-511.42 -1347.95 0
-518.37 -1334.57 0
-525.89 -1323.01 0
-533.26 -1311.43 0
-540.09 -1298.88 0
-546.36 -1285.39 0
-553.26 -1273.71 0
-560.41 -1262.92 0
-567.02 -1251.19 0
-573.05 -1238.52 0
-580.21 -1228.55 0
-587.24 -1218.55 0
-587.97 -1195.94 0
-595.11 -1186.81 0
-601.69 -1176.75 0
-608.6 -1167.55 0
-615.42 -1158.31 0
-621.64 -1148.16 0
-628.72 -1139.73 0
-634.23 -1128.65 0
-639.6 -1117.55 0
-645.85 -1108.16 0
-651.47 -1097.89 0
-657.5 -1088.45 0
-662.89 -1078.14 0
-668.69 -1068.65 0
-674.92 -1059.99 0
-681.06 -1051.29 0
-686 -1040.89 0
-690.82 -1030.48 0
-696.65 -1021.71 0
-701.81 -1012.09 0
-707.44 -1003.27 0
-711.22 -991.99 0
-717.23 -983.94 0
-722.56 -975.05 0
-727.8 -966.15 0
-732.94 -957.22 0
-737.37 -947.48 0
-742.94 -939.3 0
-747.16 -929.53 0
-751.92 -920.53 0
-757.22 -912.28 0
-761.14 -902.47 0
-766.26 -894.18 0
-771.3 -885.86 0
-775.59 -876.78 0
-779.79 -867.68 0
-784.56 -859.3 0
-789.93 -851.64 0
-796.61 -845.4 0
-1191.86 -1245.08 0
-1185.57 -1219.18 0
-1177.55 -1192.04 0
-1173.43 -1169.33 0
-1168.31 -1146.07 0
-1162.89 -1122.96 0
-1156.46 -1099.31 0
-1153.39 -1079.26 0
-1150.07 -1059.32 0
-1145.77 -1038.82 0
-1139.72 -1017.13 0
-1136.41 -998.24 0
-847.35 -721.01 0
-844.57 -707.26 0
-844.7 -696.14 0
-843.94 -684.44 0
-841.48 -671.54 0
-836.51 -656.87 0
-836.11 -646 0
-834.01 -633.95 0
-822.95 -615.4 0
-822.94 -605.35 0
-822.81 -595.34 0
-820.14 -583.63 0
-818.15 -572.58 0
-820.98 -564.99 0
-814.64 -551.23 0
-818.12 -544.25 0
-885.97 -579.42 0
-1062.91 -683.33 0
-1064.88 -672.82 0
-1062.49 -659.68 0
-1059.11 -646.09 0
-1055.58 -632.6 0
-1053.63 -620.23 0
-1050.69 -607.42 0
-1048.48 -595.19 0
-1044.4 -582.06 0
-1041.93 -569.99 0
-1041.09 -558.94 0
-1038.38 -547 0
-1035.55 -535.15 0
-1034.38 -524.28 0
-1033.1 -513.46 0
-1030.82 -502.25 0
-1027.52 -490.68 0
-1025.01 -479.62 0
-1023.3 -469.04 0
-900.17 -404 0
-877.7 -385.64 0
-880.71 -378.72 0
-1012.68 -426.15 0
-1010.45 -415.89 0
-1008.13 -405.69 0
-1007.57 -396.29 0
-1006 -386.56 0
-1002.46 -376.17 0
-1000.69 -366.56 0
-997.9 -356.66 0
-997.85 -347.81 0
-993.93 -337.7 0
-992.76 -328.62 0
-990.56 -319.27 0
-988.28 -309.97 0
-987.82 -301.31 0
-982.49 -291.26 0
-983.8 -283.25 0
-982.15 -274.42 0
-978.49 -265.12 0
-976.68 -256.4 0
-974.8 -247.73 0
-972.84 -239.1 0
-973.72 -231.21 0
-967.72 -221.76 0
-968.46 -213.92 0
-965.23 -205.26 0
-962.9 -196.86 0
-961.48 -188.7 0
-960.98 -180.77 0
-958.44 -172.49 0
-955.83 -164.27 0
-953.15 -156.1 0
-953.37 -148.45 0
-949.57 -140.22 0
-948.67 -132.47 0
-947.7 -124.74 0
-946.68 -117.04 0
-945.59 -109.36 0
-943.44 -101.6 0
-941.24 -93.88 0
-939.96 -86.29 0
-936.63 -78.56 0
-936.23 -71.12 0
-933.77 -63.55 0
-933.25 -56.14 0
-928.68 -48.54 0
-929.04 -41.23 0
-928.35 -33.89 0
-925.59 -26.5 0
-924.78 -19.2 0
-923.91 -11.91 0
-921.98 -4.64 0
-919 2.61 0
-918.96 9.83 0
